$ANSIBLE_VAULT;1.1;AES256
38313661366463303164313037333863623136383435373866313339666331393739613536343930
3264303832313764646431353038356130343361313566370a346562636231346565353665633561
33636463353135623933373764656235326433646334366364313563376534643132626337326236
3765383466346434300a613763643033653663396130396631636265636333303163333934653434
62663638393038663934613534636236633836326335656139326538646330356437633131356362
62653436386438313062633661393730643730613034643632373636363535323035623234633536
62363339646638613337633632303930393537373035313333336235653131663639303466383363
32623830323361613130303662393166313730346431313438643466393936323663646239393832
33636232663862323461306337343462613665613561383262613630356636343836633338376331
34633831646331646532323033386564343837623332313332633739616436303532653238626630
30323136656230643939383063323833613062313032646634303564663936616139633734386439
35356230343735303531343066396461383132363733363436626166346439653433366631316438
66643231653632626631316530616537333235303566383233376261613062636465636365373334
34363830366161323537373666616638336332376334373735626437333234636335616665633530
66663364393265616334353439303131343538366139373132376538323331636533666434306530
39616665383530633139643537366536616531643764623334383732336538636238663764636530
66613961373432306262636538623062613231393231633436633335376662613037326163623934
32376130643837326264306634333533366330376336376663373937613032346436643434373665
626166373664326434636633306434616438
